12.60	5.92	11.75	11.98	13.67	2.96	5.03	11.52	4.17	8.31	
7.16	9.43	5.47	7.70	14.28	13.74	9.54	10.76	2.12	9.10	
0.24	3.64	2.06	12.06	2.35	6.01	1.95	1.63	14.98	3.27	
7.69	12.59	9.19	4.44	9.56	7.86	7.40	14.59	4.39	11.57	
7.90	11.55	6.00	13.37	4.25	5.29	12.12	13.79	1.05	14.24	
7.89	1.29	2.88	9.95	13.35	5.23	0.96	0.30	6.87	0.95	
3.57	14.56	13.53	12.76	4.00	8.10	5.63	11.40	7.69	10.02	
7.97	0.59	6.56	13.98	13.96	10.81	4.26	11.08	9.60	5.31	
10.32	2.49	6.60	13.20	12.44	4.96	3.43	13.40	5.26	10.30	
14.35	8.83	9.86	12.88	6.59	13.86	5.98	12.22	10.26	13.66

12.60   5.92    11.75   11.98   13.67   2.96    5.03    11.52   4.17    8.31
7.16    6.68    8.77    9.47    9.67    6.83    6.94    8.36    7.03    9.10
0.24    5.37    7.18    8.22    8.07    7.51    7.44    7.54    6.72    3.27
7.69    7.05    7.70    7.69    7.92    7.41    7.54    7.99    8.77    11.57
7.90    7.82    7.88    8.36    7.76    7.52    7.29    7.75    9.13    14.24
7.89    7.64    8.45    8.60    8.45    7.37    7.04    6.81    6.07    0.95
3.57    6.91    8.39    9.46    8.90    8.07    7.24    7.46    7.73    10.02
7.97    7.94    8.98    9.83    9.55    8.73    7.98    8.05    7.76    5.31
10.32   8.93    9.41    10.52   9.25    9.99    8.17    9.50    9.46    10.30
14.35   8.83    9.86    12.88   6.59    13.86   5.98    12.22   10.26   13.66